data/raster_files/houston/tot_num_buildings.asc
ncols     34
nrows    24
xllcorner 2931702.20021
yllcorner 13749626.9739
cellsize 10000.0
NODATA_value -9999
-9999.00 -9999.00 -9999.00 -9999.00 -9999.00 -9999.00 -9999.00 -9999.00 -9999.00 -9999.00 -9999.00 1.00 119.00 286.00 -9999.00 -9999.00 -9999.00 -9999.00 -9999.00 -9999.00 -9999.00 -9999.00 -9999.00 -9999.00 -9999.00 3.00 34.00 9.00 -9999.00 -9999.00 -9999.00 -9999.00 -9999.00 -9999.00
8.00 -9999.00 -9999.00 -9999.00 -9999.00 -9999.00 -9999.00 -9999.00 -9999.00 -9999.00 63.00 75.00 284.00 454.00 4.00 -9999.00 3.00 -9999.00 -9999.00 -9999.00 -9999.00 -9999.00 -9999.00 -9999.00 -9999.00 29.00 30.00 12.00 -9999.00 -9999.00 -9999.00 -9999.00 -9999.00 -9999.00
3.00 2.00 8.00 -9999.00 -9999.00 -9999.00 -9999.00 13.00 19.00 84.00 181.00 100.00 174.00 171.00 219.00 66.00 240.00 11.00 -9999.00 -9999.00 -9999.00 -9999.00 -9999.00 74.00 174.00 86.00 54.00 11.00 -9999.00 -9999.00 -9999.00 -9999.00 -9999.00 -9999.00
3.00 12.00 19.00 7.00 3.00 8.00 65.00 32.00 26.00 54.00 61.00 126.00 171.00 417.00 317.00 485.00 298.00 337.00 265.00 3.00 -9999.00 -9999.00 93.00 565.00 914.00 294.00 101.00 80.00 2.00 -9999.00 -9999.00 -9999.00 -9999.00 -9999.00
-9999.00 51.00 9.00 5.00 3.00 15.00 13.00 9.00 31.00 17.00 164.00 708.00 216.00 315.00 299.00 556.00 253.00 524.00 335.00 186.00 1.00 2.00 416.00 452.00 81.00 227.00 199.00 103.00 9.00 -9999.00 -9999.00 -9999.00 -9999.00 -9999.00
-9999.00 10.00 17.00 18.00 299.00 3.00 186.00 36.00 20.00 155.00 537.00 395.00 617.00 549.00 689.00 257.00 158.00 133.00 123.00 63.00 506.00 149.00 219.00 58.00 723.00 400.00 105.00 52.00 7.00 2.00 -9999.00 -9999.00 -9999.00 -9999.00
-9999.00 2.00 1.00 20.00 11.00 54.00 382.00 438.00 305.00 409.00 361.00 549.00 338.00 597.00 555.00 249.00 251.00 318.00 22.00 8.00 14.00 67.00 367.00 467.00 583.00 351.00 121.00 48.00 6.00 21.00 9.00 -9999.00 -9999.00 -9999.00
-9999.00 2.00 5.00 -9999.00 42.00 2.00 62.00 131.00 65.00 512.00 271.00 508.00 811.00 241.00 677.00 567.00 249.00 315.00 268.00 18.00 62.00 135.00 144.00 182.00 168.00 169.00 54.00 43.00 43.00 14.00 15.00 -9999.00 -9999.00 -9999.00
-9999.00 -9999.00 -9999.00 -9999.00 1.00 1.00 88.00 134.00 74.00 235.00 459.00 398.00 555.00 153.00 677.00 372.00 95.00 77.00 186.00 98.00 128.00 327.00 271.00 105.00 199.00 1.00 1.00 395.00 90.00 46.00 7.00 -9999.00 -9999.00 -9999.00
-9999.00 -9999.00 -9999.00 2.00 6.00 4.00 7.00 123.00 363.00 554.00 372.00 460.00 376.00 208.00 307.00 556.00 243.00 131.00 117.00 53.00 102.00 114.00 25.00 237.00 4.00 12.00 21.00 74.00 85.00 47.00 22.00 1.00 -9999.00 -9999.00
-9999.00 -9999.00 -9999.00 3.00 3.00 3.00 3.00 581.00 833.00 895.00 456.00 62.00 80.00 230.00 540.00 566.00 540.00 154.00 164.00 197.00 93.00 92.00 116.00 168.00 123.00 17.00 42.00 28.00 143.00 30.00 26.00 1.00 -9999.00 -9999.00
-9999.00 -9999.00 -9999.00 5.00 19.00 22.00 14.00 847.00 768.00 716.00 548.00 426.00 150.00 145.00 142.00 297.00 264.00 226.00 160.00 182.00 143.00 339.00 234.00 184.00 387.00 48.00 37.00 13.00 56.00 10.00 34.00 15.00 48.00 -9999.00
-9999.00 -9999.00 -9999.00 8.00 45.00 36.00 158.00 338.00 771.00 199.00 49.00 16.00 127.00 301.00 358.00 132.00 109.00 179.00 205.00 230.00 210.00 257.00 58.00 114.00 278.00 417.00 149.00 117.00 121.00 168.00 147.00 143.00 56.00 -9999.00
-9999.00 -9999.00 -9999.00 -9999.00 267.00 478.00 777.00 628.00 450.00 20.00 2.00 14.00 198.00 247.00 196.00 240.00 259.00 343.00 268.00 359.00 267.00 249.00 63.00 112.00 282.00 618.00 329.00 51.00 20.00 155.00 76.00 46.00 106.00 9.00
-9999.00 -9999.00 -9999.00 -9999.00 32.00 190.00 402.00 73.00 98.00 10.00 174.00 577.00 363.00 274.00 236.00 308.00 107.00 544.00 308.00 390.00 269.00 171.00 105.00 101.00 83.00 68.00 14.00 17.00 12.00 23.00 98.00 170.00 232.00 2.00
-9999.00 -9999.00 -9999.00 -9999.00 -9999.00 1.00 558.00 575.00 17.00 -9999.00 311.00 455.00 425.00 466.00 324.00 428.00 514.00 517.00 623.00 490.00 226.00 163.00 141.00 20.00 11.00 6.00 5.00 4.00 4.00 1.00 70.00 161.00 41.00 -9999.00
-9999.00 -9999.00 -9999.00 -9999.00 -9999.00 -9999.00 -9999.00 -9999.00 3.00 218.00 248.00 329.00 338.00 513.00 166.00 198.00 313.00 397.00 167.00 193.00 136.00 208.00 57.00 35.00 103.00 160.00 48.00 113.00 29.00 10.00 1.00 10.00 50.00 -9999.00
-9999.00 -9999.00 -9999.00 -9999.00 -9999.00 -9999.00 -9999.00 -9999.00 -9999.00 122.00 397.00 385.00 160.00 220.00 118.00 279.00 204.00 151.00 380.00 284.00 176.00 188.00 146.00 237.00 66.00 172.00 145.00 371.00 304.00 55.00 97.00 12.00 9.00 2.00
-9999.00 -9999.00 -9999.00 -9999.00 -9999.00 -9999.00 -9999.00 -9999.00 -9999.00 -9999.00 8.00 170.00 183.00 258.00 301.00 235.00 167.00 126.00 100.00 254.00 86.00 64.00 135.00 228.00 177.00 124.00 185.00 150.00 197.00 105.00 56.00 -9999.00 -9999.00 -9999.00
-9999.00 -9999.00 -9999.00 -9999.00 -9999.00 -9999.00 -9999.00 -9999.00 -9999.00 -9999.00 -9999.00 -9999.00 6.00 139.00 133.00 189.00 378.00 351.00 233.00 189.00 247.00 55.00 177.00 174.00 173.00 53.00 147.00 56.00 5.00 70.00 128.00 -9999.00 -9999.00 -9999.00
-9999.00 -9999.00 -9999.00 -9999.00 -9999.00 -9999.00 -9999.00 -9999.00 -9999.00 -9999.00 -9999.00 -9999.00 -9999.00 -9999.00 12.00 82.00 156.00 117.00 124.00 270.00 114.00 72.00 454.00 207.00 353.00 36.00 542.00 357.00 34.00 203.00 49.00 28.00 -9999.00 -9999.00
-9999.00 -9999.00 -9999.00 -9999.00 -9999.00 -9999.00 -9999.00 -9999.00 -9999.00 -9999.00 -9999.00 -9999.00 -9999.00 -9999.00 -9999.00 -9999.00 -9999.00 11.00 3.00 -9999.00 -9999.00 -9999.00 26.00 447.00 162.00 31.00 170.00 71.00 209.00 220.00 117.00 -9999.00 -9999.00 -9999.00
-9999.00 -9999.00 -9999.00 -9999.00 -9999.00 -9999.00 -9999.00 -9999.00 -9999.00 -9999.00 -9999.00 -9999.00 -9999.00 -9999.00 -9999.00 -9999.00 -9999.00 -9999.00 -9999.00 -9999.00 -9999.00 -9999.00 17.00 7.00 132.00 408.00 71.00 111.00 4.00 -9999.00 8.00 -9999.00 -9999.00 -9999.00
-9999.00 -9999.00 -9999.00 -9999.00 -9999.00 -9999.00 -9999.00 -9999.00 -9999.00 -9999.00 -9999.00 -9999.00 -9999.00 -9999.00 -9999.00 -9999.00 -9999.00 -9999.00 -9999.00 -9999.00 -9999.00 -9999.00 -9999.00 -9999.00 17.00 253.00 11.00 1.00 -9999.00 -9999.00 -9999.00 -9999.00 -9999.00 -9999.00
