data/raster_files/houston/tot_num_buildings.asc
ncols     33
nrows    24
xllcorner 2931969.82931
yllcorner 13753469.8976
cellsize 10000.0
NODATA_value -9999
-9999.00 -9999.00 -9999.00 -9999.00 -9999.00 -9999.00 -9999.00 -9999.00 -9999.00 -9999.00 -9999.00 -9999.00 4.00 -9999.00 -9999.00 -9999.00 -9999.00 -9999.00 -9999.00 -9999.00 -9999.00 -9999.00 -9999.00 -9999.00 -9999.00 -9999.00 -9999.00 -9999.00 -9999.00 -9999.00 -9999.00 -9999.00 -9999.00
-9999.00 -9999.00 -9999.00 -9999.00 -9999.00 -9999.00 -9999.00 -9999.00 -9999.00 -9999.00 -9999.00 -9999.00 93.00 202.00 -9999.00 -9999.00 -9999.00 -9999.00 -9999.00 -9999.00 -9999.00 -9999.00 -9999.00 -9999.00 -9999.00 -9999.00 4.00 -9999.00 -9999.00 -9999.00 -9999.00 -9999.00 -9999.00
3.00 -9999.00 -9999.00 -9999.00 -9999.00 -9999.00 -9999.00 -9999.00 -9999.00 -9999.00 65.00 15.00 50.00 55.00 102.00 -9999.00 -9999.00 -9999.00 -9999.00 -9999.00 -9999.00 -9999.00 -9999.00 -9999.00 3.00 -9999.00 3.00 -9999.00 -9999.00 -9999.00 -9999.00 -9999.00 -9999.00
2.00 2.00 3.00 -9999.00 -9999.00 1.00 4.00 3.00 -9999.00 2.00 6.00 8.00 37.00 90.00 83.00 50.00 36.00 2.00 -9999.00 -9999.00 -9999.00 -9999.00 -9999.00 15.00 117.00 6.00 20.00 -9999.00 -9999.00 -9999.00 -9999.00 -9999.00 -9999.00
-9999.00 2.00 -9999.00 1.00 -9999.00 -9999.00 -9999.00 2.00 1.00 -9999.00 1.00 78.00 43.00 36.00 14.00 27.00 37.00 65.00 33.00 -9999.00 -9999.00 -9999.00 50.00 20.00 7.00 20.00 16.00 8.00 -9999.00 -9999.00 -9999.00 -9999.00 -9999.00
-9999.00 2.00 -9999.00 -9999.00 -9999.00 -9999.00 35.00 3.00 1.00 8.00 58.00 15.00 28.00 7.00 8.00 255.00 4.00 114.00 63.00 14.00 21.00 9.00 28.00 9.00 30.00 2.00 50.00 7.00 1.00 -9999.00 -9999.00 -9999.00 -9999.00
-9999.00 1.00 1.00 -9999.00 32.00 1.00 121.00 63.00 4.00 27.00 22.00 31.00 30.00 41.00 34.00 1.00 5.00 11.00 2.00 -9999.00 9.00 2.00 3.00 13.00 76.00 173.00 1.00 1.00 -9999.00 -9999.00 -9999.00 -9999.00 -9999.00
-9999.00 -9999.00 -9999.00 -9999.00 -9999.00 -9999.00 1.00 47.00 14.00 41.00 22.00 31.00 16.00 25.00 50.00 30.00 9.00 66.00 -9999.00 -9999.00 -9999.00 4.00 10.00 72.00 27.00 35.00 3.00 -9999.00 2.00 4.00 -9999.00 -9999.00 -9999.00
-9999.00 -9999.00 -9999.00 -9999.00 -9999.00 -9999.00 3.00 12.00 7.00 4.00 107.00 2.00 8.00 21.00 32.00 3.00 2.00 2.00 9.00 1.00 3.00 23.00 28.00 2.00 53.00 -9999.00 -9999.00 2.00 -9999.00 1.00 1.00 -9999.00 -9999.00
-9999.00 -9999.00 -9999.00 -9999.00 -9999.00 -9999.00 -9999.00 27.00 20.00 6.00 8.00 21.00 80.00 31.00 56.00 83.00 2.00 4.00 3.00 3.00 3.00 1.00 -9999.00 24.00 18.00 -9999.00 -9999.00 1.00 27.00 16.00 -9999.00 -9999.00 -9999.00
-9999.00 -9999.00 -9999.00 -9999.00 -9999.00 -9999.00 -9999.00 148.00 102.00 3.00 37.00 2.00 23.00 46.00 21.00 38.00 23.00 17.00 9.00 14.00 6.00 5.00 5.00 26.00 -9999.00 -9999.00 6.00 1.00 2.00 -9999.00 -9999.00 -9999.00 -9999.00
-9999.00 -9999.00 -9999.00 -9999.00 -9999.00 2.00 3.00 76.00 2.00 98.00 10.00 17.00 2.00 10.00 10.00 8.00 46.00 4.00 9.00 17.00 13.00 1.00 55.00 30.00 31.00 2.00 16.00 -9999.00 13.00 -9999.00 -9999.00 -9999.00 -9999.00
-9999.00 -9999.00 -9999.00 2.00 -9999.00 2.00 7.00 102.00 43.00 40.00 21.00 21.00 40.00 6.00 3.00 19.00 7.00 1.00 4.00 5.00 27.00 10.00 4.00 2.00 17.00 32.00 2.00 3.00 13.00 38.00 32.00 54.00 -9999.00
-9999.00 -9999.00 -9999.00 -9999.00 58.00 51.00 14.00 12.00 41.00 -9999.00 -9999.00 1.00 23.00 23.00 119.00 7.00 31.00 35.00 8.00 6.00 38.00 17.00 7.00 3.00 15.00 59.00 12.00 8.00 10.00 42.00 28.00 6.00 -9999.00
-9999.00 -9999.00 -9999.00 -9999.00 12.00 37.00 1.00 4.00 4.00 1.00 14.00 29.00 45.00 26.00 28.00 25.00 10.00 68.00 27.00 26.00 24.00 13.00 5.00 9.00 10.00 10.00 7.00 -9999.00 -9999.00 1.00 9.00 6.00 2.00
-9999.00 -9999.00 -9999.00 -9999.00 -9999.00 3.00 70.00 56.00 3.00 -9999.00 38.00 149.00 73.00 16.00 19.00 33.00 85.00 94.00 106.00 55.00 28.00 10.00 6.00 3.00 1.00 -9999.00 -9999.00 -9999.00 -9999.00 -9999.00 -9999.00 2.00 -9999.00
-9999.00 -9999.00 -9999.00 -9999.00 -9999.00 -9999.00 -9999.00 7.00 -9999.00 1.00 101.00 69.00 29.00 22.00 5.00 14.00 38.00 34.00 60.00 1.00 22.00 6.00 5.00 3.00 14.00 17.00 1.00 -9999.00 5.00 -9999.00 -9999.00 1.00 -9999.00
-9999.00 -9999.00 -9999.00 -9999.00 -9999.00 -9999.00 -9999.00 -9999.00 1.00 22.00 4.00 14.00 46.00 16.00 13.00 8.00 41.00 59.00 21.00 41.00 8.00 5.00 3.00 33.00 5.00 34.00 -9999.00 15.00 5.00 -9999.00 7.00 -9999.00 1.00
-9999.00 -9999.00 -9999.00 -9999.00 -9999.00 -9999.00 -9999.00 -9999.00 -9999.00 -9999.00 21.00 25.00 23.00 24.00 55.00 45.00 29.00 12.00 1.00 5.00 1.00 10.00 22.00 36.00 9.00 7.00 2.00 32.00 87.00 50.00 11.00 -9999.00 -9999.00
-9999.00 -9999.00 -9999.00 -9999.00 -9999.00 -9999.00 -9999.00 -9999.00 -9999.00 -9999.00 -9999.00 -9999.00 25.00 32.00 69.00 21.00 20.00 26.00 4.00 11.00 19.00 -9999.00 6.00 19.00 31.00 18.00 18.00 -9999.00 1.00 8.00 17.00 -9999.00 -9999.00
-9999.00 -9999.00 -9999.00 -9999.00 -9999.00 -9999.00 -9999.00 -9999.00 -9999.00 -9999.00 -9999.00 -9999.00 -9999.00 -9999.00 1.00 10.00 55.00 21.00 39.00 14.00 7.00 13.00 34.00 26.00 29.00 -9999.00 1.00 -9999.00 -9999.00 1.00 2.00 -9999.00 -9999.00
-9999.00 -9999.00 -9999.00 -9999.00 -9999.00 -9999.00 -9999.00 -9999.00 -9999.00 -9999.00 -9999.00 -9999.00 -9999.00 -9999.00 -9999.00 -9999.00 1.00 2.00 1.00 -9999.00 -9999.00 -9999.00 10.00 37.00 23.00 -9999.00 -9999.00 -9999.00 5.00 20.00 3.00 -9999.00 -9999.00
-9999.00 -9999.00 -9999.00 -9999.00 -9999.00 -9999.00 -9999.00 -9999.00 -9999.00 -9999.00 -9999.00 -9999.00 -9999.00 -9999.00 -9999.00 -9999.00 -9999.00 -9999.00 -9999.00 -9999.00 -9999.00 -9999.00 -9999.00 4.00 -9999.00 -9999.00 2.00 10.00 -9999.00 1.00 1.00 -9999.00 -9999.00
-9999.00 -9999.00 -9999.00 -9999.00 -9999.00 -9999.00 -9999.00 -9999.00 -9999.00 -9999.00 -9999.00 -9999.00 -9999.00 -9999.00 -9999.00 -9999.00 -9999.00 -9999.00 -9999.00 -9999.00 -9999.00 -9999.00 -9999.00 -9999.00 5.00 69.00 3.00 3.00 -9999.00 -9999.00 -9999.00 -9999.00 -9999.00
