data/raster_files/houston/tot_num_residential.asc
ncols     34
nrows    25
xllcorner 2929514.51083
yllcorner 13748961.1773
cellsize 10000.0
NODATA_value -9999
-9999.00 -9999.00 -9999.00 -9999.00 -9999.00 -9999.00 -9999.00 -9999.00 -9999.00 -9999.00 -9999.00 -9999.00 -9999.00 0.00 -9999.00 -9999.00 -9999.00 -9999.00 -9999.00 -9999.00 -9999.00 -9999.00 -9999.00 -9999.00 -9999.00 -9999.00 -9999.00 -9999.00 -9999.00 -9999.00 -9999.00 -9999.00 -9999.00 -9999.00
0.00 -9999.00 -9999.00 -9999.00 -9999.00 -9999.00 -9999.00 -9999.00 -9999.00 -9999.00 -9999.00 0.00 770.00 1559.00 28.00 -9999.00 -9999.00 -9999.00 -9999.00 -9999.00 -9999.00 -9999.00 -9999.00 -9999.00 -9999.00 -9999.00 148.00 97.00 -9999.00 -9999.00 -9999.00 -9999.00 -9999.00 -9999.00
19.00 3.00 -9999.00 -9999.00 -9999.00 -9999.00 -9999.00 -9999.00 -9999.00 -9999.00 352.00 239.00 1714.00 3111.00 802.00 -9999.00 0.00 -9999.00 -9999.00 -9999.00 -9999.00 -9999.00 -9999.00 -9999.00 -9999.00 40.00 247.00 66.00 -9999.00 -9999.00 -9999.00 -9999.00 -9999.00 -9999.00
6.00 19.00 46.00 3.00 -9999.00 -9999.00 6.00 206.00 126.00 482.00 1482.00 636.00 1013.00 1752.00 1393.00 991.00 1547.00 160.00 12.00 -9999.00 -9999.00 -9999.00 -9999.00 108.00 1685.00 408.00 554.00 196.00 3.00 -9999.00 -9999.00 -9999.00 -9999.00 -9999.00
11.00 70.00 132.00 46.00 46.00 54.00 318.00 352.00 266.00 224.00 228.00 539.00 1419.00 2719.00 3303.00 4209.00 1702.00 2727.00 3676.00 210.00 -9999.00 -9999.00 57.00 3713.00 5466.00 3121.00 417.00 442.00 23.00 -9999.00 -9999.00 -9999.00 -9999.00 -9999.00
-9999.00 152.00 7.00 45.00 43.00 197.00 123.00 212.00 111.00 184.00 1199.00 4195.00 3155.00 1820.00 3553.00 4806.00 2945.00 2895.00 4232.00 3256.00 569.00 1.00 1054.00 2053.00 1005.00 946.00 857.00 804.00 30.00 0.00 -9999.00 -9999.00 -9999.00 -9999.00
-9999.00 23.00 81.00 106.00 431.00 775.00 2170.00 427.00 251.00 559.00 3305.00 2667.00 4576.00 5103.00 3509.00 3144.00 2147.00 2953.00 1142.00 135.00 4141.00 2330.00 553.00 134.00 3732.00 3924.00 387.00 269.00 6.00 5.00 0.00 -9999.00 -9999.00 -9999.00
-9999.00 2.00 22.00 228.00 13.00 111.00 1893.00 3104.00 3949.00 3789.00 3478.00 5094.00 1914.00 3636.00 4045.00 3012.00 1509.00 2618.00 57.00 0.00 2.00 226.00 1666.00 2223.00 5451.00 3049.00 852.00 555.00 81.00 68.00 214.00 1.00 -9999.00 -9999.00
-9999.00 -9999.00 53.00 11.00 11.00 3.00 322.00 823.00 834.00 2938.00 2037.00 2347.00 4536.00 1083.00 4125.00 5605.00 3818.00 1414.00 941.00 268.00 310.00 1745.00 1718.00 856.00 1228.00 1054.00 533.00 304.00 333.00 132.00 139.00 0.00 -9999.00 -9999.00
-9999.00 -9999.00 -9999.00 0.00 0.00 0.00 240.00 1352.00 2070.00 2562.00 3558.00 3643.00 4293.00 1113.00 2967.00 3492.00 2347.00 1399.00 1140.00 684.00 883.00 1911.00 1974.00 1154.00 1589.00 1717.00 0.00 1616.00 1592.00 219.00 84.00 -9999.00 -9999.00 -9999.00
-9999.00 -9999.00 -9999.00 1.00 8.00 12.00 1.00 822.00 2233.00 5450.00 3771.00 2331.00 5076.00 1651.00 2684.00 2695.00 3163.00 2498.00 1915.00 2133.00 2932.00 1023.00 253.00 1413.00 18.00 71.00 36.00 56.00 402.00 294.00 125.00 1.00 -9999.00 -9999.00
-9999.00 -9999.00 -9999.00 20.00 27.00 4.00 0.00 3270.00 7148.00 6867.00 4052.00 1974.00 1334.00 2526.00 5110.00 5008.00 3910.00 3461.00 3431.00 3889.00 3074.00 3400.00 253.00 147.00 1079.00 191.00 868.00 8.00 844.00 176.00 151.00 22.00 4.00 -9999.00
-9999.00 -9999.00 -9999.00 9.00 37.00 42.00 154.00 4316.00 5130.00 6719.00 4991.00 4255.00 750.00 1242.00 984.00 2970.00 2898.00 3212.00 4497.00 3450.00 3304.00 4221.00 3102.00 1370.00 2483.00 748.00 72.00 51.00 456.00 484.00 283.00 223.00 89.00 0.00
-9999.00 -9999.00 -9999.00 -9999.00 525.00 498.00 1983.00 3904.00 5617.00 3025.00 1073.00 0.00 788.00 4738.00 3519.00 3725.00 4815.00 4745.00 4718.00 4546.00 2480.00 2021.00 272.00 353.00 2722.00 2977.00 2032.00 342.00 1141.00 1480.00 1303.00 1978.00 309.00 101.00
-9999.00 -9999.00 -9999.00 -9999.00 2197.00 3415.00 2776.00 4839.00 3780.00 531.00 4.00 85.00 1895.00 4421.00 3898.00 4609.00 1746.00 7085.00 8634.00 4336.00 5285.00 2110.00 669.00 1541.00 4573.00 5897.00 2925.00 1104.00 137.00 1280.00 1580.00 812.00 1212.00 869.00
-9999.00 -9999.00 -9999.00 -9999.00 85.00 838.00 4210.00 4178.00 2849.00 32.00 2806.00 4790.00 4464.00 4942.00 2921.00 4789.00 2367.00 7672.00 5288.00 2435.00 2657.00 1931.00 2034.00 2793.00 860.00 469.00 33.00 100.00 0.00 471.00 344.00 2322.00 2770.00 157.00
-9999.00 -9999.00 -9999.00 -9999.00 -9999.00 -9999.00 1456.00 4186.00 515.00 0.00 2175.00 5164.00 6347.00 4441.00 4157.00 8673.00 7378.00 6508.00 8506.00 5063.00 4764.00 4446.00 1506.00 1944.00 0.00 0.00 0.00 0.00 0.00 0.00 1209.00 2727.00 2183.00 0.00
-9999.00 -9999.00 -9999.00 -9999.00 -9999.00 -9999.00 -9999.00 -9999.00 0.00 3398.00 3210.00 5133.00 3872.00 4449.00 4322.00 2297.00 6335.00 8036.00 2936.00 4208.00 2823.00 4560.00 1364.00 1726.00 3617.00 4725.00 1467.00 2220.00 177.00 46.00 0.00 0.00 233.00 0.00
-9999.00 -9999.00 -9999.00 -9999.00 -9999.00 -9999.00 -9999.00 -9999.00 -9999.00 958.00 3173.00 8049.00 6198.00 4210.00 4939.00 5738.00 4658.00 4791.00 3459.00 5314.00 4412.00 4881.00 4181.00 4965.00 5385.00 2939.00 3583.00 4318.00 2811.00 828.00 1210.00 88.00 10.00 4.00
-9999.00 -9999.00 -9999.00 -9999.00 -9999.00 -9999.00 -9999.00 -9999.00 -9999.00 -9999.00 -9999.00 1821.00 4482.00 3321.00 5224.00 6668.00 3215.00 377.00 865.00 3825.00 4097.00 1817.00 1229.00 4987.00 2474.00 3404.00 3666.00 1430.00 2482.00 243.00 1022.00 -9999.00 -9999.00 -9999.00
-9999.00 -9999.00 -9999.00 -9999.00 -9999.00 -9999.00 -9999.00 -9999.00 -9999.00 -9999.00 -9999.00 -9999.00 0.00 1045.00 3833.00 3459.00 4046.00 4961.00 2747.00 3929.00 1358.00 359.00 2912.00 2560.00 2090.00 395.00 631.00 496.00 0.00 84.00 1289.00 8.00 -9999.00 -9999.00
-9999.00 -9999.00 -9999.00 -9999.00 -9999.00 -9999.00 -9999.00 -9999.00 -9999.00 -9999.00 -9999.00 -9999.00 -9999.00 -9999.00 1.00 502.00 2556.00 2020.00 617.00 2477.00 56.00 303.00 2101.00 6565.00 3966.00 445.00 3613.00 4556.00 203.00 1867.00 726.00 475.00 -9999.00 -9999.00
-9999.00 -9999.00 -9999.00 -9999.00 -9999.00 -9999.00 -9999.00 -9999.00 -9999.00 -9999.00 -9999.00 -9999.00 -9999.00 -9999.00 -9999.00 -9999.00 0.00 11.00 12.00 0.00 -9999.00 -9999.00 198.00 4119.00 1593.00 0.00 5176.00 3497.00 648.00 2423.00 1482.00 -9999.00 -9999.00 -9999.00
-9999.00 -9999.00 -9999.00 -9999.00 -9999.00 -9999.00 -9999.00 -9999.00 -9999.00 -9999.00 -9999.00 -9999.00 -9999.00 -9999.00 -9999.00 -9999.00 -9999.00 -9999.00 -9999.00 -9999.00 -9999.00 -9999.00 0.00 26.00 118.00 4898.00 959.00 1413.00 1027.00 -9999.00 1.00 -9999.00 -9999.00 -9999.00
-9999.00 -9999.00 -9999.00 -9999.00 -9999.00 -9999.00 -9999.00 -9999.00 -9999.00 -9999.00 -9999.00 -9999.00 -9999.00 -9999.00 -9999.00 -9999.00 -9999.00 -9999.00 -9999.00 -9999.00 -9999.00 -9999.00 -9999.00 -9999.00 -9999.00 1460.00 912.00 10.00 -9999.00 -9999.00 -9999.00 -9999.00 -9999.00 -9999.00
