data/raster_files/houston/tot_num_buildings.asc
ncols     33
nrows    24
xllcorner 2931969.82931
yllcorner 13753469.8976
cellsize 10000.0
NODATA_value -9999
-9999.00 -9999.00 -9999.00 -9999.00 -9999.00 -9999.00 -9999.00 -9999.00 -9999.00 -9999.00 -9999.00 -9999.00 10.00 -9999.00 -9999.00 -9999.00 -9999.00 -9999.00 -9999.00 -9999.00 -9999.00 -9999.00 -9999.00 -9999.00 -9999.00 -9999.00 1.00 -9999.00 -9999.00 -9999.00 -9999.00 -9999.00 -9999.00
-9999.00 -9999.00 -9999.00 -9999.00 -9999.00 -9999.00 -9999.00 -9999.00 -9999.00 -9999.00 -9999.00 -9999.00 180.00 722.00 5.00 -9999.00 -9999.00 -9999.00 -9999.00 -9999.00 -9999.00 -9999.00 -9999.00 -9999.00 -9999.00 2.00 12.00 -9999.00 -9999.00 -9999.00 -9999.00 -9999.00 -9999.00
4.00 -9999.00 -9999.00 -9999.00 -9999.00 -9999.00 -9999.00 -9999.00 -9999.00 1.00 123.00 21.00 151.00 221.00 246.00 -9999.00 7.00 -9999.00 -9999.00 -9999.00 -9999.00 -9999.00 -9999.00 -9999.00 32.00 -9999.00 11.00 -9999.00 -9999.00 -9999.00 -9999.00 -9999.00 -9999.00
7.00 61.00 23.00 1.00 -9999.00 5.00 16.00 25.00 2.00 9.00 33.00 27.00 55.00 330.00 156.00 118.00 162.00 9.00 -9999.00 -9999.00 -9999.00 -9999.00 -9999.00 151.00 416.00 9.00 52.00 4.00 -9999.00 -9999.00 -9999.00 -9999.00 -9999.00
3.00 16.00 -9999.00 1.00 -9999.00 1.00 5.00 5.00 3.00 4.00 3.00 224.00 210.00 126.00 53.00 73.00 133.00 326.00 295.00 2.00 -9999.00 -9999.00 139.00 57.00 5.00 92.00 59.00 21.00 1.00 -9999.00 -9999.00 -9999.00 -9999.00
-9999.00 5.00 -9999.00 3.00 1.00 4.00 115.00 34.00 8.00 36.00 315.00 17.00 60.00 24.00 37.00 922.00 27.00 443.00 176.00 67.00 84.00 100.00 78.00 22.00 60.00 2.00 164.00 33.00 4.00 -9999.00 -9999.00 -9999.00 -9999.00
-9999.00 3.00 7.00 -9999.00 103.00 16.00 446.00 167.00 21.00 89.00 33.00 89.00 136.00 82.00 35.00 15.00 16.00 51.00 3.00 -9999.00 35.00 14.00 19.00 52.00 295.00 671.00 2.00 30.00 1.00 -9999.00 -9999.00 -9999.00 -9999.00
-9999.00 -9999.00 -9999.00 -9999.00 -9999.00 -9999.00 6.00 163.00 39.00 154.00 77.00 81.00 80.00 87.00 241.00 170.00 30.00 274.00 -9999.00 -9999.00 6.00 40.00 28.00 229.00 239.00 161.00 8.00 3.00 19.00 29.00 1.00 -9999.00 -9999.00
-9999.00 -9999.00 -9999.00 -9999.00 -9999.00 1.00 9.00 70.00 19.00 16.00 659.00 16.00 56.00 94.00 211.00 10.00 9.00 16.00 22.00 11.00 7.00 120.00 68.00 13.00 255.00 -9999.00 -9999.00 17.00 1.00 10.00 17.00 -9999.00 -9999.00
-9999.00 -9999.00 -9999.00 -9999.00 -9999.00 -9999.00 -9999.00 94.00 76.00 15.00 9.00 75.00 315.00 85.00 80.00 140.00 6.00 44.00 42.00 24.00 13.00 13.00 1.00 111.00 33.00 2.00 -9999.00 10.00 43.00 42.00 -9999.00 -9999.00 -9999.00
-9999.00 -9999.00 -9999.00 6.00 -9999.00 -9999.00 2.00 338.00 248.00 3.00 34.00 12.00 77.00 275.00 100.00 249.00 222.00 216.00 43.00 194.00 33.00 29.00 11.00 68.00 -9999.00 9.00 13.00 3.00 20.00 -9999.00 -9999.00 -9999.00 -9999.00
-9999.00 -9999.00 -9999.00 -9999.00 -9999.00 2.00 16.00 175.00 6.00 222.00 90.00 67.00 13.00 30.00 74.00 45.00 310.00 91.00 61.00 65.00 129.00 8.00 368.00 159.00 189.00 21.00 55.00 2.00 66.00 2.00 2.00 9.00 -9999.00
-9999.00 -9999.00 -9999.00 3.00 -9999.00 28.00 84.00 183.00 44.00 258.00 103.00 31.00 178.00 69.00 40.00 101.00 141.00 22.00 52.00 40.00 285.00 59.00 28.00 4.00 167.00 173.00 17.00 19.00 175.00 183.00 127.00 199.00 28.00
-9999.00 -9999.00 -9999.00 -9999.00 345.00 185.00 74.00 62.00 171.00 16.00 -9999.00 -9999.00 315.00 413.00 302.00 77.00 217.00 561.00 75.00 45.00 244.00 82.00 25.00 15.00 108.00 258.00 50.00 8.00 35.00 163.00 94.00 55.00 22.00
-9999.00 -9999.00 -9999.00 -9999.00 45.00 117.00 11.00 20.00 62.00 9.00 96.00 106.00 253.00 213.00 195.00 140.00 74.00 486.00 290.00 148.00 133.00 44.00 86.00 143.00 51.00 73.00 49.00 7.00 -9999.00 16.00 68.00 39.00 12.00
-9999.00 -9999.00 -9999.00 -9999.00 -9999.00 6.00 213.00 171.00 9.00 -9999.00 83.00 664.00 395.00 80.00 31.00 238.00 327.00 704.00 670.00 400.00 75.00 40.00 113.00 72.00 1.00 -9999.00 -9999.00 -9999.00 -9999.00 -9999.00 -9999.00 8.00 5.00
-9999.00 -9999.00 -9999.00 -9999.00 -9999.00 -9999.00 -9999.00 17.00 -9999.00 14.00 400.00 483.00 151.00 165.00 75.00 193.00 392.00 355.00 358.00 19.00 129.00 86.00 70.00 26.00 186.00 178.00 14.00 -9999.00 26.00 -9999.00 -9999.00 3.00 1.00
-9999.00 -9999.00 -9999.00 -9999.00 -9999.00 -9999.00 -9999.00 -9999.00 -9999.00 61.00 26.00 108.00 309.00 285.00 374.00 188.00 394.00 202.00 21.00 169.00 54.00 100.00 75.00 271.00 178.00 475.00 4.00 73.00 26.00 5.00 33.00 4.00 10.00
-9999.00 -9999.00 -9999.00 -9999.00 -9999.00 -9999.00 -9999.00 -9999.00 -9999.00 -9999.00 43.00 242.00 237.00 362.00 551.00 352.00 209.00 16.00 6.00 51.00 48.00 133.00 93.00 283.00 185.00 81.00 30.00 251.00 481.00 343.00 85.00 -9999.00 -9999.00
-9999.00 -9999.00 -9999.00 -9999.00 -9999.00 -9999.00 -9999.00 -9999.00 -9999.00 -9999.00 -9999.00 1.00 101.00 163.00 764.00 277.00 193.00 313.00 28.00 72.00 36.00 5.00 57.00 189.00 129.00 81.00 63.00 5.00 6.00 25.00 104.00 -9999.00 -9999.00
-9999.00 -9999.00 -9999.00 -9999.00 -9999.00 -9999.00 -9999.00 -9999.00 -9999.00 -9999.00 -9999.00 -9999.00 -9999.00 1.00 2.00 57.00 349.00 175.00 179.00 73.00 7.00 81.00 140.00 201.00 77.00 -9999.00 2.00 -9999.00 3.00 12.00 5.00 5.00 -9999.00
-9999.00 -9999.00 -9999.00 -9999.00 -9999.00 -9999.00 -9999.00 -9999.00 -9999.00 -9999.00 -9999.00 -9999.00 -9999.00 -9999.00 -9999.00 -9999.00 2.00 38.00 5.00 1.00 -9999.00 -9999.00 50.00 136.00 60.00 1.00 -9999.00 -9999.00 5.00 51.00 4.00 -9999.00 -9999.00
-9999.00 -9999.00 -9999.00 -9999.00 -9999.00 -9999.00 -9999.00 -9999.00 -9999.00 -9999.00 -9999.00 -9999.00 -9999.00 -9999.00 -9999.00 -9999.00 -9999.00 -9999.00 -9999.00 -9999.00 -9999.00 -9999.00 2.00 24.00 -9999.00 -9999.00 6.00 171.00 -9999.00 4.00 5.00 -9999.00 -9999.00
-9999.00 -9999.00 -9999.00 -9999.00 -9999.00 -9999.00 -9999.00 -9999.00 -9999.00 -9999.00 -9999.00 -9999.00 -9999.00 -9999.00 -9999.00 -9999.00 -9999.00 -9999.00 -9999.00 -9999.00 -9999.00 -9999.00 -9999.00 -9999.00 33.00 185.00 11.00 11.00 -9999.00 -9999.00 -9999.00 -9999.00 -9999.00
