data/raster_files/houston/tot_num_residential.asc
ncols     34
nrows    24
xllcorner 2931702.20021
yllcorner 13749626.9739
cellsize 10000.0
NODATA_value -9999
-9999.00 -9999.00 -9999.00 -9999.00 -9999.00 -9999.00 -9999.00 -9999.00 -9999.00 -9999.00 -9999.00 0.00 82.00 236.00 -9999.00 -9999.00 -9999.00 -9999.00 -9999.00 -9999.00 -9999.00 -9999.00 -9999.00 -9999.00 -9999.00 0.00 13.00 3.00 -9999.00 -9999.00 -9999.00 -9999.00 -9999.00 -9999.00
2.00 -9999.00 -9999.00 -9999.00 -9999.00 -9999.00 -9999.00 -9999.00 -9999.00 -9999.00 13.00 38.00 174.00 348.00 0.00 -9999.00 0.00 -9999.00 -9999.00 -9999.00 -9999.00 -9999.00 -9999.00 -9999.00 -9999.00 12.00 16.00 2.00 -9999.00 -9999.00 -9999.00 -9999.00 -9999.00 -9999.00
0.00 1.00 4.00 -9999.00 -9999.00 -9999.00 -9999.00 10.00 13.00 69.00 53.00 41.00 105.00 127.00 41.00 49.00 184.00 2.00 -9999.00 -9999.00 -9999.00 -9999.00 -9999.00 70.00 153.00 39.00 33.00 6.00 -9999.00 -9999.00 -9999.00 -9999.00 -9999.00 -9999.00
0.00 2.00 3.00 0.00 3.00 0.00 44.00 15.00 11.00 16.00 27.00 76.00 107.00 360.00 260.00 426.00 216.00 312.00 235.00 0.00 -9999.00 -9999.00 77.00 530.00 847.00 210.00 35.00 29.00 0.00 -9999.00 -9999.00 -9999.00 -9999.00 -9999.00
-9999.00 28.00 0.00 3.00 3.00 4.00 4.00 3.00 8.00 4.00 135.00 603.00 157.00 248.00 228.00 535.00 213.00 367.00 307.00 150.00 0.00 0.00 329.00 385.00 41.00 191.00 78.00 47.00 1.00 -9999.00 -9999.00 -9999.00 -9999.00 -9999.00
-9999.00 1.00 6.00 4.00 249.00 0.00 131.00 14.00 13.00 64.00 436.00 245.00 578.00 484.00 613.00 210.00 117.00 115.00 71.00 8.00 454.00 93.00 13.00 9.00 630.00 355.00 48.00 21.00 0.00 0.00 -9999.00 -9999.00 -9999.00 -9999.00
-9999.00 0.00 0.00 16.00 2.00 13.00 322.00 368.00 265.00 356.00 334.00 515.00 284.00 559.00 491.00 209.00 188.00 258.00 4.00 0.00 0.00 14.00 219.00 331.00 463.00 320.00 67.00 19.00 2.00 12.00 6.00 -9999.00 -9999.00 -9999.00
-9999.00 0.00 3.00 -9999.00 0.00 1.00 57.00 117.00 39.00 471.00 219.00 395.00 734.00 203.00 562.00 520.00 198.00 180.00 132.00 0.00 16.00 78.00 98.00 163.00 141.00 108.00 28.00 12.00 19.00 5.00 2.00 -9999.00 -9999.00 -9999.00
-9999.00 -9999.00 -9999.00 -9999.00 0.00 0.00 81.00 101.00 55.00 191.00 426.00 327.00 516.00 112.00 541.00 314.00 56.00 44.00 32.00 20.00 42.00 202.00 226.00 101.00 152.00 0.00 0.00 200.00 30.00 22.00 1.00 -9999.00 -9999.00 -9999.00
-9999.00 -9999.00 -9999.00 0.00 2.00 0.00 0.00 63.00 279.00 534.00 325.00 408.00 354.00 121.00 225.00 482.00 149.00 85.00 75.00 24.00 74.00 56.00 6.00 219.00 0.00 3.00 1.00 15.00 25.00 17.00 3.00 0.00 -9999.00 -9999.00
-9999.00 -9999.00 -9999.00 1.00 1.00 1.00 0.00 514.00 762.00 757.00 372.00 43.00 34.00 151.00 259.00 416.00 210.00 75.00 85.00 99.00 45.00 44.00 24.00 113.00 83.00 4.00 21.00 1.00 46.00 7.00 4.00 0.00 -9999.00 -9999.00
-9999.00 -9999.00 -9999.00 0.00 6.00 13.00 6.00 723.00 647.00 644.00 502.00 374.00 66.00 42.00 54.00 130.00 117.00 117.00 105.00 59.00 46.00 166.00 119.00 123.00 312.00 36.00 22.00 1.00 35.00 4.00 13.00 4.00 8.00 -9999.00
-9999.00 -9999.00 -9999.00 5.00 27.00 28.00 145.00 305.00 694.00 174.00 46.00 15.00 103.00 160.00 112.00 60.00 83.00 81.00 77.00 110.00 53.00 50.00 5.00 56.00 207.00 355.00 130.00 14.00 69.00 94.00 82.00 117.00 33.00 -9999.00
-9999.00 -9999.00 -9999.00 -9999.00 225.00 439.00 731.00 589.00 408.00 16.00 0.00 12.00 126.00 220.00 146.00 160.00 227.00 262.00 191.00 153.00 145.00 156.00 27.00 66.00 229.00 540.00 285.00 19.00 6.00 106.00 57.00 19.00 79.00 6.00
-9999.00 -9999.00 -9999.00 -9999.00 20.00 153.00 392.00 44.00 72.00 0.00 142.00 545.00 338.00 257.00 217.00 263.00 92.00 387.00 182.00 120.00 66.00 81.00 31.00 36.00 20.00 25.00 7.00 2.00 0.00 8.00 75.00 99.00 104.00 1.00
-9999.00 -9999.00 -9999.00 -9999.00 -9999.00 0.00 538.00 550.00 12.00 -9999.00 216.00 417.00 392.00 440.00 289.00 347.00 468.00 399.00 407.00 165.00 66.00 55.00 35.00 4.00 0.00 0.00 0.00 0.00 0.00 0.00 26.00 68.00 35.00 -9999.00
-9999.00 -9999.00 -9999.00 -9999.00 -9999.00 -9999.00 -9999.00 -9999.00 3.00 177.00 215.00 271.00 284.00 443.00 75.00 115.00 286.00 317.00 115.00 89.00 76.00 70.00 18.00 13.00 71.00 141.00 34.00 77.00 8.00 2.00 0.00 4.00 19.00 -9999.00
-9999.00 -9999.00 -9999.00 -9999.00 -9999.00 -9999.00 -9999.00 -9999.00 -9999.00 113.00 340.00 331.00 133.00 192.00 101.00 254.00 166.00 121.00 197.00 118.00 55.00 126.00 101.00 190.00 34.00 110.00 110.00 329.00 265.00 14.00 20.00 2.00 2.00 0.00
-9999.00 -9999.00 -9999.00 -9999.00 -9999.00 -9999.00 -9999.00 -9999.00 -9999.00 -9999.00 8.00 150.00 149.00 181.00 223.00 208.00 139.00 75.00 16.00 85.00 36.00 24.00 30.00 150.00 110.00 81.00 158.00 131.00 178.00 18.00 13.00 -9999.00 -9999.00 -9999.00
-9999.00 -9999.00 -9999.00 -9999.00 -9999.00 -9999.00 -9999.00 -9999.00 -9999.00 -9999.00 -9999.00 -9999.00 3.00 123.00 93.00 167.00 300.00 290.00 204.00 139.00 42.00 28.00 92.00 122.00 135.00 31.00 114.00 47.00 0.00 44.00 86.00 -9999.00 -9999.00 -9999.00
-9999.00 -9999.00 -9999.00 -9999.00 -9999.00 -9999.00 -9999.00 -9999.00 -9999.00 -9999.00 -9999.00 -9999.00 -9999.00 -9999.00 5.00 45.00 108.00 58.00 94.00 197.00 65.00 10.00 421.00 184.00 321.00 7.00 495.00 332.00 32.00 152.00 28.00 12.00 -9999.00 -9999.00
-9999.00 -9999.00 -9999.00 -9999.00 -9999.00 -9999.00 -9999.00 -9999.00 -9999.00 -9999.00 -9999.00 -9999.00 -9999.00 -9999.00 -9999.00 -9999.00 -9999.00 3.00 0.00 -9999.00 -9999.00 -9999.00 15.00 375.00 141.00 1.00 160.00 58.00 91.00 185.00 64.00 -9999.00 -9999.00 -9999.00
-9999.00 -9999.00 -9999.00 -9999.00 -9999.00 -9999.00 -9999.00 -9999.00 -9999.00 -9999.00 -9999.00 -9999.00 -9999.00 -9999.00 -9999.00 -9999.00 -9999.00 -9999.00 -9999.00 -9999.00 -9999.00 -9999.00 14.00 4.00 114.00 382.00 42.00 67.00 4.00 -9999.00 0.00 -9999.00 -9999.00 -9999.00
-9999.00 -9999.00 -9999.00 -9999.00 -9999.00 -9999.00 -9999.00 -9999.00 -9999.00 -9999.00 -9999.00 -9999.00 -9999.00 -9999.00 -9999.00 -9999.00 -9999.00 -9999.00 -9999.00 -9999.00 -9999.00 -9999.00 -9999.00 -9999.00 14.00 231.00 2.00 0.00 -9999.00 -9999.00 -9999.00 -9999.00 -9999.00 -9999.00
